QPP263 8 0 5 0 8 7 8 436
QKU818 8 0 9 814 8 7 13 343
QIX598 8 0 13 47 8 7 21 618
OAP573 8 0 20 615 8 8 27 102
QDY352 8 0 27 460 8 7 57 460
QZV314 8 0 32 443 8 5 13 693
OFD405 8 0 39 495 8 8 39 495
QAI855 8 0 41 14 8 8 28 547
QYB257 8 0 43 490 8 9 3 490
QGN270 8 0 47 587 8 8 23 283
QJG342 8 0 53 843 8 8 35 382
QZT847 8 1 2 512 8 9 8 998
QJJ713 8 1 5 889 8 9 5 889
QID640 8 1 7 771 8 8 49 310
QCY774 8 1 9 566 8 8 45 262
QLO576 8 1 13 816 8 9 33 816
OUD334 8 1 22 238 8 8 46 683
QJP140 8 1 25 106 8 9 0 802
OMS317 8 1 26 718 8 9 8 256
QLL187 8 1 33 302 8 9 3 302
OMX928 8 1 39 172 8 9 45 658
OTC409 8 1 42 645 8 7 57 645
QKC280 8 1 46 204 8 9 27 743
QZE107 8 1 49 833 8 8 58 405
OUZ915 8 1 55 85 8 9 19 530
OCR265 8 2 1 816 8 9 26 260
OGZ215 8 2 9 878 8 9 45 574
QTP812 8 2 16 600 8 10 50 886
OCA400 8 2 22 60 8 9 30 631
ONQ344 8 2 28 858 8 9 53 303
OIR269 8 2 33 750 8 10 40 236
OTI265 8 2 37 526 8 10 7 526
OBM658 8 2 39 95 8 11 6 138
QNR402 8 2 46 370 8 10 33 902
QOD497 8 2 47 492 8 11 21 777
OTD367 8 2 53 310 8 10 40 843
OKW316 8 2 54 857 8 9 38 857
QOO349 8 3 3 840 8 10 28 285
OPF355 8 3 8 358 8 10 32 802
OXN882 8 3 11 414 8 11 31 414
QUR164 8 3 13 429 8 11 7 113
OHN605 8 3 17 11 8 10 25 582
QIE443 8 3 25 105 8 10 38 840
QGO339 8 3 31 322 8 10 50 347
OUC788 8 3 33 413 8 10 57 857
OOY952 8 3 40 309 8 10 48 880
QWQ693 8 3 41 991 8 11 48 477
QNM950 8 3 45 475 8 11 27 14
QCQ327 8 3 48 852 8 11 7 876
QBB675 8 3 55 445 8 12 22 488
OUJ290 8 4 2 24 8 11 10 596
QGR275 8 4 4 715 8 12 4 715
QFK849 8 4 11 973 8 12 39 15
OJW811 8 4 13 862 8 9 50 310
QHA668 8 4 15 872 8 12 3 404
OSZ889 8 4 23 324 8 11 26 853
QXJ591 8 4 28 283 8 12 41 434
OJP974 8 4 36 611 8 12 1 55
OXZ648 8 4 44 861 8 11 53 432
QUT385 8 4 53 376 8 9 28 185
QTS988 8 5 0 854 8 12 19 879
OTP604 8 5 2 263 8 12 21 288
QOV452 8 5 8 313 8 11 31 292
OKE666 8 5 12 42 8 13 5 727
OEM818 8 5 16 814 8 13 29 964
QPW418 8 5 23 740 8 13 17 424
QRC440 8 5 26 944 8 10 6 14
QMQ814 8 5 31 991 8 12 40 562
QJQ854 8 5 39 156 8 11 6 429
QMR120 8 5 44 44 8 10 39 126
QAL584 8 5 51 850 8 13 39 382
OGK122 8 5 57 700 8 13 22 144
QWH591 8 5 58 854 8 13 2 383
QTR844 8 6 0 153 8 13 41 691
QDB247 8 6 5 434 8 13 19 169
OKT807 8 6 13 913 8 13 17 442
OKY553 8 6 16 219 8 13 5 310
OID605 8 6 17 375 8 12 52 980
QSY735 8 6 24 654 8 14 51 696
OLN314 8 6 31 890 8 13 40 462
OPN983 8 6 40 564 8 14 5 8
OPJ626 8 6 46 781 8 14 5 806
OWY920 8 6 55 532 8 14 4 103
OYW323 8 6 56 632 8 14 32 328
OJJ701 8 7 0 937 8 14 30 937
QPJ325 8 7 9 584 8 15 29 584
OFJ976 8 7 17 470 8 14 31 205
OFN582 8 7 24 935 8 15 6 474
QRB752 8 7 27 979 8 14 57 979
QRF280 8 7 31 730 8 15 13 269
QWQ807 8 7 33 38 8 14 41 609
QHR505 8 7 35 42 8 15 10 738
OPZ482 8 7 36 584 8 14 55 609
OUL118 8 7 44 902 8 15 14 902
OKL564 8 7 53 411 8 12 14 281
OPR935 8 8 1 779 8 16 21 779
OBT692 8 8 4 962 8 15 23 987
QBH809 8 8 7 251 8 15 10 781
OYF689 8 8 9 173 8 16 2 857
OIL740 8 8 15 765 8 16 15 765
QES760 8 8 22 152 8 16 3 691
QJD581 8 8 31 109 8 16 31 109
OFP335 8 8 39 407 8 16 15 103
QXI418 8 8 43 655 8 14 29 809
QFN654 8 8 50 493 8 16 50 493
QVK815 8 8 59 114 8 15 52 907
QYV691 8 9 1 91 8 17 35 377
OFI493 8 9 7 727 8 17 42 13
QRD693 8 9 9 437 8 17 3 122
OCT414 8 9 14 31 8 17 1 564
OMU279 8 9 16 384 8 17 43 426
QCN143 8 9 23 464 8 17 17 148
OQL702 8 9 30 656 8 17 24 340
OIN311 8 9 33 853 8 18 0 895
QES764 8 9 41 374 8 17 54 525
QCD215 8 9 49 845 8 17 25 541
OXB780 8 9 55 159 8 17 55 159
QYX473 8 10 1 575 8 18 8 61
QAR603 8 10 6 582 8 17 15 154
QVZ977 8 10 8 480 8 17 12 9
OJC441 8 10 12 461 8 17 53 999
OVC302 8 10 17 43 8 16 48 347
QQS192 8 10 24 63 8 17 43 87
QWW203 8 10 27 67 8 18 54 109
OEL920 8 10 30 4 8 18 23 688
OFN317 8 10 32 14 8 17 45 749
QTG284 8 10 34 85 8 18 9 781
OJR737 8 10 40 933 8 17 54 667
QEK344 8 10 47 271 8 18 28 810
QJY312 8 10 54 123 8 15 51 644
QMK996 8 11 0 556 8 18 9 128
QOK808 8 11 8 363 8 18 27 388
OAY865 8 11 17 353 8 18 25 924
OJV879 8 11 21 310 8 19 2 849
OJK426 8 11 28 951 8 18 42 686
OZV612 8 11 37 663 8 18 46 234
OCM226 8 11 43 235 8 20 17 521
OVW617 8 11 49 454 8 19 30 993
QDA832 8 11 54 644 8 18 1 991
QDB885 8 11 55 941 8 18 59 471
OMC498 8 12 3 908 8 19 45 446
OZU340 8 12 5 57 8 19 46 595
OHR806 8 12 11 37 8 20 17 523
OLR809 8 12 14 908 8 20 28 59
QCT508 8 12 18 153 8 20 24 639
OWC257 8 12 19 626 8 19 44 70
QNP663 8 12 24 308 8 18 51 405
QSL589 8 12 29 543 8 20 5 239
QVD389 8 12 35 9 8 19 2 106
QMY178 8 12 40 290 8 20 33 974
QEB927 8 12 48 974 8 20 18 974
ORP500 8 12 53 269 8 19 12 216
QEO710 8 13 0 761 8 19 59 365
OTN451 8 13 2 425 8 20 26 869
OHF570 8 13 4 376 8 20 23 400
QNY912 8 13 11 562 8 21 18 49
QOO925 8 13 17 11 8 21 37 11
QDA806 8 13 24 563 8 21 31 49
OHQ885 8 13 25 807 8 20 39 542
QGR715 8 13 29 160 8 20 4 764
QQM995 8 13 34 659 8 21 10 355
OZB517 8 13 38 22 8 18 40 543
QCT986 8 13 44 52 8 21 57 203
OFS657 8 13 47 398 8 21 11 842
OKH931 8 13 51 755 8 21 51 755
OZO186 8 13 58 577 8 19 17 161
QDP266 8 14 1 398 8 21 15 133
OWG520 8 14 5 919 8 21 30 363
QDO940 8 14 8 12 8 21 32 457
QSJ384 8 14 9 397 8 21 56 929
QWY465 8 14 17 493 8 22 17 493
QYH718 8 14 23 760 8 22 30 247
OBH566 8 14 32 269 8 21 56 713
QMC938 8 14 35 134 8 22 28 818
QLA466 8 14 36 486 8 22 6 486
QBF579 8 14 43 119 8 22 2 144
QYC594 8 14 49 951 8 23 3 101
OQU827 8 14 56 192 8 22 20 637
QWX782 8 15 0 48 8 23 13 198
OTF134 8 15 2 227 8 22 5 757
OLY501 8 15 8 830 8 22 22 565
OYN166 8 15 14 175 8 22 55 714
QKQ540 8 15 21 848 8 19 50 505
QMQ665 8 15 26 423 8 23 39 573
QIZ116 8 15 34 771 8 23 4 771
OYR906 8 15 39 176 8 22 47 748
QPK220 8 15 41 780 8 22 45 309
OCB511 8 15 45 85 8 22 53 656
QLH989 8 15 53 889 8 24 28 175
ODQ574 8 16 0 55 8 23 13 790
QMW784 8 16 3 336 8 24 9 823
OZT343 8 16 9 234 8 24 29 234
QLD551 8 16 17 792 8 24 24 278
OOM426 8 16 25 410 8 24 38 561
QED595 8 16 28 475 8 23 32 4
OIN628 8 16 32 183 8 23 56 628
OJZ188 8 16 40 750 8 21 7 417
ONO196 8 16 44 836 8 24 44 836
QYC372 8 16 53 505 8 24 7 240
QIR120 8 17 0 263 8 25 0 263
ODB512 8 17 7 142 8 22 49 999
OWN390 8 17 9 908 8 24 34 353
QMP289 8 17 15 492 8 24 19 21
OFV656 8 17 22 935 8 24 47 380
QHC361 8 17 30 819 8 25 57 862
OWR841 8 17 37 414 8 25 57 414
QJK764 8 17 45 843 8 25 15 843
QBJ869 8 17 52 745 8 25 6 480
QZW309 8 17 59 369 8 25 29 369
OON685 8 18 7 737 8 26 14 223
QTX830 8 18 10 531 8 25 34 975
OLY209 8 18 19 478 8 23 2 943
OXP420 8 18 23 448 8 26 29 935
OJS132 8 18 31 268 8 25 45 3
OSY391 8 18 36 445 8 25 55 469
OWV373 8 18 44 888 8 26 20 584
QUM864 8 18 47 926 8 27 7 926
QZO909 8 18 51 507 8 27 18 549
OEE662 8 18 55 116 8 27 8 267
OSN383 8 19 3 296 8 26 11 867
QMY826 8 19 11 957 8 25 26 957
OAX527 8 19 16 841 8 26 46 841
QAM993 8 19 20 892 8 27 14 576
OXD342 8 19 27 687 8 27 15 219
OBZ891 8 19 30 958 8 26 39 530
QPL900 8 19 37 691 8 27 31 375
QFP636 8 19 41 883 8 27 6 328
OXR965 8 19 49 199 8 26 0 333
QWG704 8 19 50 682 8 26 54 212
QUZ242 8 19 54 815 8 26 58 344
QLK923 8 19 58 113 8 27 51 797
QYC958 8 20 6 917 8 27 15 488
OJM966 8 20 8 17 8 27 32 462
OFX124 8 20 11 207 8 28 24 358
OMV874 8 20 17 324 8 27 31 59
OZM604 8 20 20 911 8 28 2 450
OOI299 8 20 22 51 8 28 56 336
QGS314 8 20 30 330 8 27 1 635
QVY612 8 20 39 88 8 27 58 112
OJD209 8 20 44 540 8 27 58 275
OLM602 8 20 49 249 8 28 30 788
OLL645 8 20 52 321 8 28 16 765
QJH579 8 20 54 654 8 28 13 679
OQY382 8 21 3 97 8 28 6 626
QYH646 8 21 9 913 8 29 44 199
OPT504 8 21 15 158 8 28 18 687
OWE718 8 21 18 651 8 28 43 96
QTK708 8 21 22 885 8 28 26 414
OYF644 8 21 24 557 8 28 38 292
QQR903 8 21 27 239 8 28 46 263
QNZ553 8 21 35 634 8 29 5 634
OZM629 8 21 44 493 8 28 58 228
OON944 8 21 52 80 8 29 0 651
QJJ671 8 21 56 267 8 29 20 711
QSH864 8 22 2 238 8 29 32 238
QZM603 8 22 6 183 8 30 19 334
OUX545 8 22 7 795 8 28 26 742
ODN576 8 22 16 374 8 29 19 904
OYP538 8 22 23 16 8 29 58 712
QKC419 8 22 24 872 8 30 38 23
QGG451 8 22 27 736 8 29 52 181
OPB348 8 22 29 249 8 31 3 534
QFP439 8 22 34 756 8 30 4 756
QAJ541 8 22 40 443 8 28 10 718
OCC287 8 22 43 832 8 31 18 118
QJZ219 8 22 48 833 8 30 2 568
OCZ113 8 22 53 884 8 30 29 580
OAO460 8 22 55 93 8 28 55 93
QJL973 8 23 3 984 8 27 49 698
QEL674 8 23 6 515 8 29 6 515
QDH577 8 23 12 464 8 30 54 2
OLZ291 8 23 14 337 8 31 1 869
ONJ878 8 23 19 373 8 30 33 108
OWT667 8 23 23 938 8 31 37 89
OWL899 8 23 28 863 8 31 42 14
OVR489 8 23 36 40 8 29 59 19
QEM206 8 23 44 842 8 31 3 867
OSI922 8 23 53 806 8 28 26 533
QWN635 8 23 57 17 8 30 50 810
OXE364 8 23 59 849 8 31 8 420
OMV514 8 24 5 538 8 32 25 538
OPU925 8 24 14 267 8 31 44 267
OVW625 8 24 20 786 8 31 5 280
OGX866 8 24 22 8 8 30 25 645
QSU686 8 24 27 590 8 32 15 122
QVY472 8 24 32 408 8 32 38 894
QUE212 8 24 39 108 8 33 13 393
OSB620 8 24 43 591 8 33 10 633
OBK346 8 24 49 44 8 32 13 488
OLI501 8 24 53 58 8 32 28 755
OLJ850 8 24 56 907 8 32 32 603
QCM204 8 25 5 638 8 32 47 176
QNF753 8 25 13 39 8 33 26 189
OSN430 8 25 21 569 8 33 48 612
QSM461 8 25 28 132 8 32 36 703
QXW341 8 25 34 944 8 32 59 388
OCQ445 8 25 41 546 8 33 11 546
QUU681 8 25 43 716 8 33 25 255
QUN357 8 25 48 767 8 33 36 300
OPV324 8 25 50 508 8 32 59 79
OOO705 8 25 57 380 8 32 32 984
QWK718 8 26 0 102 8 34 34 388
OEG874 8 26 3 704 8 33 28 149
OLZ457 8 26 8 953 8 34 8 953
ORO827 8 26 11 163 8 33 30 187
QBM881 8 26 18 457 8 34 31 607
OBN662 8 26 26 492 8 33 50 937
QVQ847 8 26 32 511 8 34 20 44
OGH161 8 26 38 847 8 34 58 847
OLV626 8 26 41 449 8 34 54 600
OVZ224 8 26 47 207 8 34 17 207
QAI381 8 26 50 374 8 34 4 109
QJN762 8 26 58 477 8 34 40 15
OIL751 8 27 0 451 8 34 9 22
OPD955 8 27 3 37 8 35 3 37
QON279 8 27 9 568 8 34 39 568
QHX917 8 27 16 617 8 34 46 617
QMX486 8 27 18 933 8 35 38 933
OQL704 8 27 27 365 8 35 33 851
OGZ716 8 27 32 866 8 34 41 437
QWO980 8 27 35 836 8 35 35 836
QMA785 8 27 37 244 8 35 18 782
QLR412 8 27 45 920 8 35 45 920
OPC692 8 27 50 969 8 35 57 455
QJS469 8 27 58 476 8 35 46 8
OQB615 8 28 0 42 8 35 19 66
OZG459 8 28 6 912 8 35 31 356
OIN916 8 28 12 233 8 35 59 765
OUU616 8 28 15 913 8 34 27 47
OER539 8 28 21 622 8 36 21 622
QTU144 8 28 23 294 8 35 58 990
QAI731 8 28 28 967 8 35 53 411
OEG331 8 28 31 613 8 35 45 348
QEL494 8 28 38 126 8 35 51 861
QFG203 8 28 45 537 8 36 58 688
QKN371 8 28 52 225 8 37 26 511
QNG315 8 28 56 891 8 33 49 574
QUR461 8 28 59 968 8 36 8 540
OFY148 8 29 8 304 8 35 31 283
OTM339 8 29 15 843 8 36 40 287
OQU512 8 29 17 111 8 37 37 111
OAT260 8 29 19 335 8 37 32 485
QLY863 8 29 26 749 8 37 8 287
QHG590 8 29 33 810 8 36 52 834
QZB523 8 29 39 206 8 37 26 738
QMQ699 8 29 42 843 8 37 30 375
QAA881 8 29 44 599 8 37 44 599
QGA544 8 29 49 972 8 35 57 319
OJM861 8 29 53 58 8 37 23 58
OEI254 8 29 58 769 8 37 23 213
QTR979 8 30 6 555 8 36 29 534
QTH315 8 30 11 815 8 38 38 857
QFK679 8 30 12 861 8 36 56 861
QVP562 8 30 13 946 8 37 22 518
QZV718 8 30 20 349 8 38 20 349
OUA179 8 30 27 334 8 38 8 872
OIO872 8 30 31 518 8 38 7 215
OWI700 8 30 36 302 8 37 50 37
OQR700 8 30 42 485 8 39 9 528
OUW379 8 30 47 557 8 38 6 581
OKZ649 8 30 50 653 8 38 4 388
OEC413 8 30 54 176 8 38 13 200
OTS214 8 30 57 882 8 37 9 16
QND104 8 31 2 678 8 38 38 375
QEA655 8 31 8 667 8 38 44 363
QZP434 8 31 17 652 8 39 51 937
OWO214 8 31 21 820 8 38 57 516
QQD952 8 31 25 966 8 38 55 966
OUG395 8 31 30 92 8 38 54 537
QWX181 8 31 38 787 8 39 14 484
QHL790 8 31 41 865 8 39 29 397
OSL888 8 31 50 14 8 39 20 14
OGK805 8 31 53 856 8 39 29 552
QGV341 8 32 0 662 8 39 54 347
OLP312 8 32 4 841 8 40 31 884
OEM944 8 32 6 638 8 39 15 209
QWJ536 8 32 9 692 8 40 22 842
OVY352 8 32 17 175 8 40 30 326
QZS587 8 32 22 936 8 40 4 474
QQD252 8 32 29 928 8 41 4 214
ONA287 8 32 37 784 8 40 44 270
QKD372 8 32 43 251 8 40 36 935
QUI547 8 32 44 592 8 38 51 939
QBG534 8 32 50 188 8 40 37 721
OAK120 8 32 54 6 8 41 21 48
QSR490 8 32 58 649 8 39 25 746
OBE720 8 33 3 71 8 41 30 114
OLM173 8 33 11 37 8 41 31 37
QOA753 8 33 19 880 8 39 27 227
OJX975 8 33 28 841 8 41 16 374
OMJ925 8 33 36 462 8 40 55 487
OOE699 8 33 45 192 8 41 51 679
ODV992 8 33 53 858 8 41 18 303
OMF603 8 33 58 829 8 42 11 979
QNQ185 8 34 4 436 8 42 38 721
OKG559 8 34 10 507 8 40 33 486
QOI673 8 34 14 34 8 42 14 34
OYO339 8 34 16 506 8 42 43 549
QPK392 8 34 24 915 8 42 18 600
QRL238 8 34 29 932 8 41 59 932
QKG517 8 34 38 203 8 42 58 203
OHM261 8 34 46 25 8 42 52 511
QPJ917 8 34 53 429 8 42 29 125
OAY672 8 34 57 959 8 43 25 1
OZX692 8 35 3 762 8 42 45 301
OZO721 8 35 5 62 8 43 5 62
QAR175 8 35 8 190 8 41 31 168
OWC656 8 35 15 13 8 39 39 719
OOM393 8 35 16 917 8 42 6 8
QLD884 8 35 18 820 8 43 18 820
OAF916 8 35 21 753 8 43 3 291
QBD687 8 35 30 527 8 42 44 262
OBM806 8 35 36 579 8 42 50 314
OET741 8 35 38 875 8 44 13 160
ORM725 8 35 39 973 8 44 14 259
QKV783 8 35 46 817 8 44 6 817
OOE240 8 35 51 26 8 43 44 710
OMW868 8 35 52 177 8 43 45 861
QXO290 8 35 57 669 8 43 51 353
QHV758 8 36 2 163 8 44 29 205
QUC990 8 36 10 695 8 42 14 331
OPC814 8 36 13 305 8 40 56 769
QXW101 8 36 18 242 8 41 25 934
OWN686 8 36 26 567 8 43 51 11
QYS235 8 36 32 350 8 44 13 889
QTT179 8 36 36 805 8 43 40 334
OZF846 8 36 40 284 8 44 10 284
QDZ158 8 36 41 778 8 44 17 474
OFW241 8 36 49 216 8 44 42 900
QRW672 8 36 53 25 8 44 17 469
OJF453 8 36 57 300 8 43 8 434
ORM870 8 37 5 63 8 43 36 368
QUM991 8 37 10 66 8 44 40 66
OLR555 8 37 11 709 8 44 36 154
OJC139 8 37 19 793 8 44 23 322
OSY953 8 37 23 349 8 41 46 123
OUW659 8 37 29 756 8 45 29 756
OWN326 8 37 35 836 8 45 17 375
QME816 8 37 41 277 8 45 5 721
OFT912 8 37 48 982 8 45 55 468
OXZ288 8 37 56 119 8 44 54 724
OSW904 8 37 57 559 8 45 6 130
QTI877 8 38 4 508 8 45 23 533
OHI514 8 38 12 272 8 45 47 968
OWW225 8 38 17 153 8 45 25 725
QEX677 8 38 25 168 8 46 25 168
OMO538 8 38 33 584 8 46 9 280
QZH455 8 38 38 537 8 46 38 537
OPB904 8 38 43 147 8 46 7 591
OHH825 8 38 52 101 8 46 5 836
ORE433 8 38 55 119 8 47 8 270
OEW274 8 39 0 945 8 46 4 474
OUX760 8 39 8 981 8 46 12 510
QXN879 8 39 16 728 8 46 30 463
OMI968 8 39 24 560 8 47 51 603
OJY688 8 39 28 240 8 44 33 325
OZX782 8 39 34 29 8 47 47 180
OTG130 8 39 37 458 8 48 11 743
ODW216 8 39 40 518 8 47 22 57
QIV146 8 39 44 464 8 47 57 614
OFF576 8 39 47 196 8 46 50 726
QIF363 8 39 52 902 8 47 52 902
OJN543 8 39 59 70 8 47 2 600
OHN307 8 40 7 960 8 47 16 531
QLE727 8 40 15 242 8 48 2 774
OEA283 8 40 23 78 8 47 31 650
OBW103 8 40 27 2 8 47 46 27
QGM322 8 40 34 850 8 49 1 892
OCJ945 8 40 36 746 8 48 56 746
QEK151 8 40 39 500 8 49 13 785
OFX751 8 40 42 36 8 47 45 565
QUK930 8 40 45 800 8 48 52 286
OZM144 8 40 48 725 8 46 56 72
OTO162 8 40 50 254 8 47 13 233
QRK363 8 40 52 204 8 48 22 204
QCD932 8 40 56 939 8 48 10 674
OUQ166 8 41 1 263 8 48 20 287
OJC504 8 41 3 23 8 46 52 537
QFL252 8 41 8 662 8 47 53 156
QHL293 8 41 15 21 8 49 49 306
ORY862 8 41 19 7 8 49 25 494
OTY971 8 41 26 831 8 48 45 856
QRR465 8 41 34 659 8 48 38 188
OHP845 8 41 43 560 8 49 50 46
QYQ705 8 41 52 341 8 48 55 870
QPK645 8 41 57 755 8 49 51 439
QUV295 8 42 5 116 8 50 11 603
QDS337 8 42 12 333 8 50 32 333
QQZ970 8 42 17 234 8 49 41 678
OPN345 8 42 21 388 8 50 8 920
QXR727 8 42 26 818 8 49 11 313
QTP774 8 42 31 8 8 46 59 665
OGZ142 8 42 39 715 8 48 39 715
QGG577 8 42 40 948 8 50 28 481
QOC763 8 42 46 358 8 49 49 887
QSP824 8 42 53 484 8 51 20 526
QUX240 8 42 57 99 8 51 31 385
OHL503 8 43 3 203 8 50 6 732
QUB743 8 43 4 519 8 51 38 805
QFV673 8 43 9 191 8 50 39 191
OPD889 8 43 18 181 8 50 31 916
OUU244 8 43 24 616 8 51 51 658
OKJ598 8 43 26 780 8 51 2 476
OYE110 8 43 30 158 8 52 4 444
QZH599 8 43 36 703 8 50 50 437
QLE265 8 43 42 653 8 51 18 349
OHD549 8 43 45 955 8 52 12 997
QRD375 8 43 54 461 8 51 18 905
QHJ641 8 44 3 277 8 52 23 277
OIG293 8 44 5 803 8 52 5 803
QFS452 8 44 7 617 8 50 43 221
OMR979 8 44 12 115 8 52 25 266
QTZ152 8 44 20 863 8 52 14 547
OBN349 8 44 23 438 8 51 37 173
OMQ551 8 44 31 628 8 52 51 628
QHP501 8 44 37 578 8 51 51 313
QVF304 8 44 45 179 8 52 58 329
OTZ163 8 44 53 777 8 50 57 413
OZI367 8 44 58 369 8 52 6 940
QYQ508 8 44 59 717 8 52 13 452
OPA988 8 45 3 590 8 52 33 590
OYZ582 8 45 5 624 8 52 30 69
QBD915 8 45 13 769 8 52 43 769
OZN139 8 45 17 649 8 53 5 181
QQZ575 8 45 24 949 8 53 24 949
QFI706 8 45 31 79 8 52 55 524
QEB504 8 45 37 421 8 51 33 857
QXY587 8 45 46 370 8 53 46 370
QJS737 8 45 55 114 8 52 18 93
QFB268 8 46 0 66 8 54 6 553
OVE829 8 46 8 683 8 54 28 683
OEB525 8 46 14 879 8 54 14 879
OQP544 8 46 17 560 8 54 37 560
OXY859 8 46 25 841 8 53 50 285
QJG162 8 46 29 552 8 51 53 876
OLR686 8 46 30 689 8 52 16 843
OGI879 8 46 36 379 8 54 0 823
OQA125 8 46 38 387 8 54 8 387
OVT740 8 46 42 361 8 52 53 495
ODZ818 8 46 48 545 8 54 36 77
QRJ760 8 46 50 693 8 54 57 179
OKJ574 8 46 57 187 8 54 50 871
QUW193 8 47 5 977 8 55 25 977
QEO586 8 47 10 358 8 51 49 428
QAQ334 8 47 17 307 8 54 31 42
QHN444 8 47 21 569 8 55 55 855
QKM278 8 47 22 744 8 55 35 895
OVC516 8 47 29 266 8 54 4 870
QUU962 8 47 30 461 8 54 44 196
OZI366 8 47 34 329 8 54 37 858
OCL974 8 47 42 771 8 55 30 303
QPQ904 8 47 46 193 8 54 59 928
QHI948 8 47 50 457 8 54 13 435
QGC301 8 47 51 970 8 56 5 120
OKE153 8 48 0 248 8 55 35 944
OGC676 8 48 4 917 8 55 13 488
QMC331 8 48 10 156 8 55 13 686
QYN936 8 48 16 10 8 56 3 543
OTY517 8 48 23 251 8 56 29 738
QNN127 8 48 26 607 8 56 33 93
QMM394 8 48 31 38 8 54 34 674
QMN993 8 48 37 504 8 56 13 201
QWY577 8 48 46 32 8 54 53 379
QAF167 8 48 49 992 8 56 19 992
OII412 8 48 52 460 8 56 33 999
QER978 8 48 56 338 8 56 50 22
OKY535 8 48 58 738 8 54 23 63
QKJ657 8 49 4 386 8 56 7 916
OBA502 8 49 12 152 8 56 59 684
QOF440 8 49 18 466 8 57 0 4
OFF317 8 49 27 40 8 56 40 775
OIP865 8 49 31 466 8 53 56 172
QXU344 8 49 38 857 8 57 38 857
QBD985 8 49 44 38 8 57 8 482
QOH783 8 49 51 512 8 56 22 817
QUD742 8 49 56 451 8 56 59 980
QMB564 8 49 58 136 8 57 17 161
OFV877 8 50 5 235 8 57 35 235
OLR963 8 50 8 577 8 57 22 312
OSW609 8 50 12 839 8 57 37 284
QNX233 8 50 21 528 8 57 25 57
QMJ298 8 50 29 119 8 57 42 854
OXQ302 8 50 32 63 8 58 7 759
OHR462 8 50 40 767 8 58 5 211
OLI537 8 50 44 411 8 58 31 944
ORK358 8 50 45 957 8 58 10 401
OWC705 8 50 47 905 8 58 29 443
QCV311 8 50 53 303 8 58 46 987
OWK567 8 50 58 179 8 59 4 666
QCE769 8 51 0 940 8 58 54 624
OCZ880 8 51 5 735 8 59 12 222
QTD459 8 51 10 960 8 57 54 960
QHJ707 8 51 18 873 8 58 2 873
QMG859 8 51 22 987 8 58 31 558
QLO217 8 51 29 780 8 58 38 351
QRL778 8 51 34 368 8 59 40 855
OXZ900 8 51 39 376 8 59 39 376
OLW162 8 51 45 857 9 0 12 899
QMC295 8 51 51 842 9 0 11 842
QPF761 8 51 58 638 9 0 18 638
QYW123 8 51 59 787 8 59 8 358
OCS846 8 52 5 404 9 0 5 404
QWI437 8 52 14 385 9 0 1 917
QVU741 8 52 15 732 9 0 9 416
OLI312 8 52 22 907 9 0 22 907
QPO747 8 52 27 284 9 0 14 817
OYJ763 8 52 28 626 9 0 4 322
OZQ752 8 52 31 570 9 0 51 570
QVL142 8 52 36 260 9 1 3 302
OED715 8 52 38 929 9 1 5 972
QXG671 8 52 46 918 8 59 55 489
OEJ647 8 52 49 525 9 1 2 675
QSJ901 8 52 53 692 8 59 57 222
QZB294 8 52 56 183 9 1 16 183
QQZ898 8 53 3 909 8 59 57 702
OHL822 8 53 7 811 9 0 55 344
OAM678 8 53 9 624 9 0 57 156
QKJ579 8 53 15 345 9 1 15 345
OZJ229 8 53 23 458 9 0 32 29
QGF402 8 53 27 126 8 59 58 431
OEI523 8 53 31 873 9 1 45 24
ORI287 8 53 35 979 9 1 29 663
ORQ348 8 53 41 457 9 0 55 192
ONA216 8 53 49 597 9 1 8 622
QMU442 8 53 58 189 9 1 11 924
QBD779 8 54 4 944 9 1 40 641
OTQ288 8 54 11 740 9 1 15 270
OGN207 8 54 19 508 9 1 43 952
QBW461 8 54 27 276 9 0 50 255
QLC925 8 54 31 761 9 2 44 912
OLT931 8 54 35 203 9 2 22 736
QLO627 8 54 39 710 8 59 6 377
OCV880 8 54 40 924 9 1 39 529
QXM750 8 54 46 925 9 3 21 211
QPK100 8 54 53 899 9 2 18 343
OOG712 8 54 57 976 9 2 45 509
QPA510 8 55 0 846 9 1 15 846
OWU944 8 55 8 111 9 3 8 111
OKZ942 8 55 14 580 9 2 18 109
QXX477 8 55 18 775 9 2 43 219
QIN703 8 55 21 988 9 2 41 12
QHJ434 8 55 29 702 9 3 29 702
OEH123 8 55 31 511 9 2 40 82
QTL748 8 55 36 940 9 3 36 940
OTI998 8 55 44 618 9 3 26 156
QSV445 8 55 49 122 9 3 13 566
OTO765 8 55 56 885 9 3 38 423
QDE822 8 55 59 909 9 3 29 909
QYT234 8 56 3 946 9 4 23 946
OUO688 8 56 8 101 9 3 32 545
OFV802 8 56 15 497 9 3 45 497
OAD851 8 56 23 816 9 3 7 816
QFR459 8 56 27 315 9 4 33 801
OWF294 8 56 31 66 9 4 6 762
OKC163 8 56 39 814 9 3 58 839
OSH420 8 56 43 825 9 4 50 311
OKR523 8 56 50 19 9 3 58 590
ODZ115 8 56 56 167 9 4 15 191
QNB491 8 57 2 288 9 5 15 439
QBY618 8 57 8 984 9 5 28 984
OPR547 8 57 17 552 9 2 57 175
QZT622 8 57 22 787 9 4 58 483
OQX840 8 57 29 788 9 4 43 523
QAY500 8 57 34 164 9 4 53 189
OGH318 8 57 37 463 9 5 37 463
OIK714 8 57 41 120 9 5 28 652
OHB620 8 57 48 772 9 6 1 922
OXM655 8 57 55 608 9 6 29 894
OCI940 8 57 59 559 9 6 6 46
QBP901 8 58 7 665 9 6 27 665
OXL184 8 58 13 599 9 5 22 170
ONT392 8 58 17 794 9 3 3 508
QUZ208 8 58 21 911 9 6 48 953
OCA864 8 58 30 274 9 6 57 316
OBX659 8 58 37 53 9 5 45 624
QZN330 8 58 42 770 9 6 24 308
QTW184 8 58 47 701 9 6 35 234
OAS387 8 58 56 641 9 7 16 641
QUR142 8 59 4 573 9 5 15 707
OBG340 8 59 12 467 9 6 36 911
QKW555 8 59 19 712 9 6 38 736
OYJ373 8 59 28 199 9 7 41 350
QGA149 8 59 36 979 9 6 26 70
QNN351 8 59 44 248 9 6 33 339
QJU386 8 59 48 357 9 8 8 357
OEY979 8 59 52 536 9 7 28 232
OAA742 8 59 59 131 9 7 46 663