112 0 1 6 14 56
112 1 0 6 17 47
112 1 1 6 42 47
112 0 0 6 45 44
453 0 1 6 15 27
453 1 0 6 17 19
453 1 1 6 52 56
453 0 0 6 56 32
399 0 1 6 23 4
399 1 0 6 24 51
399 1 1 6 51 13
399 3 0 6 53 26
399 3 1 7 6 49
399 0 0 7 9 33
317 0 1 6 23 51
317 1 0 6 25 27
317 1 1 7 15 54
317 2 0 7 18 52
317 2 1 7 33 25
317 0 0 7 36 21
445 0 1 6 26 49
445 1 0 6 29 44
445 1 1 7 9 14
445 0 0 7 12 23
312 0 1 6 43 15
312 1 0 6 44 59
312 1 1 7 35 25
312 0 0 7 38 6
122 0 1 6 55 17
122 1 0 6 57 14
122 1 1 7 54 22
122 0 0 7 58 38
332 0 1 7 1 48
332 1 0 7 4 42
332 1 1 7 42 1
332 2 0 7 43 49
332 2 1 7 53 44
332 0 0 7 57 50
421 0 1 7 43 54
421 1 0 7 45 54
421 1 1 8 23 35
421 2 0 8 26 23
421 2 1 8 34 27
421 0 0 8 37 27
435 0 1 9 8 44
435 4 0 9 10 50
435 4 1 10 9 16
435 2 0 10 10 30
435 2 1 10 23 11
435 3 0 10 24 50
435 3 1 10 41 38
435 0 0 10 42 39
217 0 1 9 10 9
217 4 0 9 11 23
217 4 1 10 45 53
217 2 0 10 47 49
217 2 1 10 53 21
217 3 0 10 55 36
217 3 1 11 9 54
217 0 0 11 11 13
130 0 1 9 19 41
130 2 0 9 21 3
130 2 1 9 35 19
130 3 0 9 38 2
130 3 1 9 51 30
130 4 0 9 54 19
130 4 1 13 51 34
130 0 0 13 52 56
145 0 1 9 27 34
145 4 0 9 29 40
145 4 1 10 51 8
145 3 0 10 52 21
145 3 1 11 3 58
145 4 0 11 5 44
145 4 1 14 34 21
145 0 0 14 36 12
467 0 1 9 35 30
467 4 0 9 37 30
467 4 1 11 4 12
467 0 0 11 8 2
459 0 1 9 49 41
459 4 0 9 51 56
459 4 1 10 54 52
459 2 0 10 56 33
459 2 1 11 9 46
459 3 0 11 11 37
459 3 1 11 22 43
459 0 0 11 24 35
325 0 1 9 51 50
325 4 0 9 53 57
325 4 1 11 55 46
325 1 0 11 57 47
325 1 1 12 9 1
325 3 0 12 11 52
325 3 1 12 27 48
325 0 0 12 29 26
279 0 1 9 55 39
279 4 0 9 56 41
279 4 1 13 10 28
279 0 0 13 14 29
464 0 1 9 58 11
464 4 0 10 0 46
464 4 1 11 55 33
464 1 0 11 56 40
464 1 1 12 10 8
464 3 0 12 12 8
464 3 1 12 22 9
464 0 0 12 23 13
480 0 1 10 0 17
480 4 0 10 1 52
480 4 1 12 47 28
480 2 0 12 48 33
480 2 1 13 1 42
480 4 0 13 2 49
480 4 1 14 31 36
480 0 0 14 32 57
338 0 1 10 8 19
338 4 0 10 9 50
338 4 1 14 0 58
338 0 0 14 2 48
391 0 1 10 12 28
391 4 0 10 14 11
391 4 1 10 44 18
391 0 0 10 46 52
289 0 1 10 26 21
289 4 0 10 27 33
289 4 1 13 40 46
289 1 0 13 42 23
289 1 1 14 9 40
289 2 0 14 11 23
289 2 1 14 24 56
289 0 0 14 26 35
422 0 1 10 35 42
422 2 0 10 38 0
422 2 1 10 51 6
422 3 0 10 53 20
422 3 1 11 8 27
422 4 0 11 10 28
422 4 1 13 17 35
422 0 0 13 18 57
441 0 1 10 38 51
441 4 0 10 39 58
441 4 1 11 11 35
441 0 0 11 13 59
306 0 1 10 43 53
306 4 0 10 46 41
306 4 1 14 7 56
306 2 0 14 10 19
306 2 1 14 18 0
306 4 0 14 20 37
306 4 1 17 23 50
306 0 0 17 25 12
412 0 1 10 49 10
412 3 0 10 51 31
412 3 1 11 6 37
412 0 0 11 10 3
345 0 1 10 50 54
345 3 0 10 53 31
345 3 1 11 5 42
345 0 0 11 10 0
489 0 1 10 52 47
489 3 0 10 55 30
489 3 1 11 5 45
489 0 0 11 9 8
369 0 1 11 1 43
369 4 0 11 4 8
369 4 1 11 50 6
369 0 0 11 54 12
243 0 1 11 20 17
243 4 0 11 22 10
243 4 1 12 30 29
243 0 0 12 34 37
148 0 1 11 30 4
148 4 0 11 32 31
148 4 1 12 21 14
148 2 0 12 23 55
148 2 1 12 37 27
148 1 0 12 38 39
148 1 1 13 2 14
148 0 0 13 3 21
368 0 1 11 34 7
368 3 0 11 36 1
368 3 1 11 52 40
368 2 0 11 55 26
368 2 1 12 5 35
368 3 0 12 6 59
368 3 1 12 26 32
368 0 0 12 27 52
114 0 1 11 45 55
114 3 0 11 47 52
114 3 1 12 1 1
114 2 0 12 3 54
114 2 1 12 10 23
114 1 0 12 11 35
114 1 1 12 39 36
114 0 0 12 40 36
237 0 1 11 52 34
237 4 0 11 53 50
237 4 1 14 26 59
237 2 0 14 29 54
237 2 1 14 37 24
237 3 0 14 39 28
237 3 1 14 52 1
237 0 0 14 53 6
273 0 1 11 57 1
273 4 0 11 58 19
273 4 1 12 54 15
273 0 0 12 56 59
482 0 1 12 48 57
482 4 0 12 51 11
482 4 1 14 32 4
482 1 0 14 34 1
482 1 1 14 40 51
482 4 0 14 42 26
482 4 1 15 14 27
482 0 0 15 15 46
270 0 1 13 0 10
270 4 0 13 1 57
270 4 1 15 59 29
270 0 0 16 3 1
212 0 1 13 15 17
212 4 0 13 17 39
212 4 1 17 15 1
212 0 0 17 16 27
307 0 1 13 24 15
307 4 0 13 26 3
307 4 1 14 0 27
307 3 0 14 2 4
307 3 1 14 14 32
307 4 0 14 16 2
307 4 1 14 51 19
307 0 0 14 52 37
272 0 1 13 25 45
272 4 0 13 26 56
272 4 1 16 58 52
272 3 0 17 0 43
272 3 1 17 12 56
272 4 0 17 15 0
272 4 1 17 45 42
272 0 0 17 47 27
327 0 1 13 46 54
327 4 0 13 48 41
327 4 1 17 17 11
327 0 0 17 20 48
193 0 1 13 57 4
193 4 0 13 58 58
193 4 1 16 55 27
193 3 0 16 58 1
193 3 1 17 10 4
193 1 0 17 12 8
193 1 1 17 32 11
193 0 0 17 34 3
251 0 1 14 8 40
251 4 0 14 11 33
251 4 1 15 4 35
251 0 0 15 7 25
401 0 1 14 16 17
401 3 0 14 17 46
401 3 1 14 33 55
401 2 0 14 35 36
401 2 1 14 41 58
401 0 0 14 44 27
232 0 1 14 22 0
232 2 0 14 24 28
232 2 1 14 35 28
232 4 0 14 37 24
232 4 1 17 19 13
232 0 0 17 21 41
377 0 1 14 30 46
377 2 0 14 33 44
377 2 1 14 40 55
377 3 0 14 42 44
377 3 1 15 1 15
377 2 0 15 2 28
377 2 1 15 8 38
377 0 0 15 10 25
439 0 1 14 42 29
439 3 0 14 43 42
439 3 1 15 2 6
439 4 0 15 4 43
439 4 1 17 18 32
439 1 0 17 21 10
439 1 1 17 34 53
439 0 0 17 36 41
504 0 1 14 53 31
504 4 0 14 56 4
504 4 1 18 38 46
504 1 0 18 41 3
504 1 1 18 51 1
504 0 0 18 52 17
315 0 1 15 12 25
315 4 0 15 15 3
315 4 1 16 46 57
315 0 0 16 50 57
443 0 1 15 16 47
443 4 0 15 18 55
443 4 1 15 59 5
443 2 0 16 1 48
443 2 1 16 16 22
443 3 0 16 19 10
443 3 1 16 38 10
443 0 0 16 40 3
392 0 1 15 16 57
392 4 0 15 19 26
392 4 1 16 25 28
392 2 0 16 28 16
392 2 1 16 34 41
392 1 0 16 36 54
392 1 1 17 4 22
392 0 0 17 6 8
498 0 1 15 57 3
498 1 0 15 58 41
498 1 1 16 23 10
498 4 0 16 25 24
498 4 1 19 38 53
498 0 0 19 43 32
171 0 1 15 57 47
171 4 0 15 59 24
171 4 1 19 34 13
171 1 0 19 35 50
171 1 1 19 46 50
171 2 0 19 48 1
171 2 1 19 57 32
171 0 0 19 58 56
275 0 1 15 58 57
275 1 0 16 1 31
275 1 1 16 27 38
275 4 0 16 30 25
275 4 1 18 24 9
275 0 0 19 25 50
249 0 1 16 2 28
249 4 0 16 4 37
249 4 1 17 46 45
249 1 0 17 48 26
249 1 1 18 7 46
249 3 0 18 10 14
249 3 1 18 24 47
249 0 0 18 26 40
447 0 1 16 6 19
447 4 0 16 8 28
447 4 1 19 31 28
447 0 0 19 35 23
266 0 1 16 7 52
266 4 0 16 9 30
266 4 1 17 28 15
266 0 0 17 30 57
147 0 1 16 9 10
147 2 0 16 11 18
147 2 1 16 20 31
147 4 0 16 23 22
147 4 1 19 2 14
147 0 0 19 6 44
206 0 1 16 9 16
206 2 0 16 11 31
206 2 1 16 20 8
206 4 0 16 22 43
206 4 1 17 56 18
206 2 0 17 59 2
206 2 1 18 12 59
206 0 0 18 14 10
256 0 1 16 24 29
256 1 0 16 25 29
256 1 1 16 54 45
256 0 0 16 58 49
107 0 1 16 26 45
107 4 0 16 29 7
107 4 1 16 29 20
107 0 0 16 32 40
191 0 1 16 27 2
191 4 0 16 28 47
191 4 1 16 29 13
191 2 0 16 30 26
191 2 1 16 40 53
191 3 0 16 42 39
191 3 1 16 57 47
191 0 0 16 58 58
210 0 1 16 28 9
210 1 0 16 29 40
210 1 1 17 18 11
210 3 0 17 21 6
210 3 1 17 33 18
210 2 0 17 34 33
210 2 1 17 45 4
210 0 0 17 46 35
245 0 1 16 29 21
245 1 0 16 31 8
245 1 1 16 52 27
245 0 0 16 57 0
172 0 1 16 33 54
172 1 0 16 35 41
172 1 1 16 56 42
172 0 0 17 0 11
469 0 1 16 34 51
469 2 0 16 37 17
469 2 1 16 51 45
469 3 0 16 54 1
469 3 1 17 13 17
469 2 0 17 14 59
469 2 1 17 26 35
469 0 0 17 27 59
354 0 1 16 37 39
354 3 0 16 38 49
354 3 1 16 57 4
354 2 0 16 59 1
354 2 1 17 10 32
354 3 0 17 12 59
354 3 1 17 26 28
354 0 0 17 28 12
230 0 1 16 46 21
230 3 0 16 47 45
230 3 1 17 1 28
230 2 0 17 4 17
230 2 1 17 18 38
230 3 0 17 19 40
230 3 1 17 39 16
230 0 0 17 41 1
471 0 1 16 46 34
471 2 0 16 48 24
471 2 1 17 0 55
471 3 0 17 3 49
471 3 1 17 22 37
471 1 0 17 24 3
471 1 1 18 19 37
471 0 0 18 21 19
254 0 1 16 46 40
254 1 0 16 48 27
254 1 1 17 39 59
254 2 0 17 42 30
254 2 1 17 53 0
254 3 0 17 55 55
254 3 1 18 13 49
254 0 0 18 15 4
205 0 1 16 48 53
205 2 0 16 49 57
205 2 1 17 4 23
205 3 0 17 7 16
205 3 1 17 17 50
205 0 0 17 22 9
294 0 1 16 49 59
294 1 0 16 51 28
294 1 1 17 15 44
294 3 0 17 17 47
294 3 1 17 28 20
294 2 0 17 30 46
294 2 1 17 42 27
294 0 0 17 44 14
173 0 1 16 55 54
173 1 0 16 57 5
173 1 1 17 26 25
173 3 0 17 29 3
173 3 1 17 41 32
173 1 0 17 43 15
173 1 1 18 42 49
173 0 0 18 44 23
133 0 1 17 0 26
133 2 0 17 3 16
133 2 1 17 17 41
133 3 0 17 19 42
133 3 1 17 31 50
133 2 0 17 33 32
133 2 1 17 45 47
133 0 0 17 47 1
416 0 1 17 3 14
416 3 0 17 5 55
416 3 1 17 21 46
416 2 0 17 23 8
416 2 1 17 36 37
416 3 0 17 38 11
416 3 1 17 53 20
416 0 0 17 55 14
288 0 1 17 4 17
288 2 0 17 6 19
288 2 1 17 16 33
288 3 0 17 17 43
288 3 1 17 35 58
288 2 0 17 37 17
288 2 1 17 50 26
288 0 0 17 51 33
486 0 1 17 4 57
486 2 0 17 6 43
486 2 1 17 16 46
486 3 0 17 18 31
486 3 1 17 36 24
486 2 0 17 39 1
486 2 1 17 49 35
486 0 0 17 50 41
287 0 1 17 7 14
287 3 0 17 8 37
287 3 1 17 25 44
287 2 0 17 27 12
287 2 1 17 41 53
287 3 0 17 43 3
287 3 1 18 2 33
287 0 0 18 4 30
117 0 1 17 8 50
117 3 0 17 10 24
117 3 1 17 27 50
117 2 0 17 30 13
117 2 1 17 42 9
117 3 0 17 43 53
117 3 1 18 3 42
117 0 0 18 5 37
425 0 1 17 13 6
425 2 0 17 15 30
425 2 1 17 30 8
425 3 0 17 31 28
425 3 1 17 49 16
425 0 0 17 52 6
257 0 1 17 15 33
257 3 0 17 17 35
257 3 1 17 31 42
257 2 0 17 33 30
257 2 1 17 44 45
257 1 0 17 46 35
257 1 1 18 12 46
257 0 0 18 13 53
242 0 1 17 16 17
242 4 0 17 19 3
242 4 1 17 19 37
242 0 0 17 22 18
204 0 1 17 16 17
204 1 0 17 17 35
204 1 1 18 16 14
204 3 0 18 18 57
204 3 1 18 36 59
204 2 0 18 38 28
204 2 1 18 49 35
204 0 0 18 50 53
389 0 1 17 21 11
389 2 0 17 22 34
389 2 1 17 34 18
389 3 0 17 37 6
389 3 1 17 54 47
389 0 0 17 59 19
451 0 1 17 21 41
451 2 0 17 22 43
451 2 1 17 35 29
451 3 0 17 37 30
451 3 1 17 52 8
451 2 0 17 54 22
451 2 1 18 5 53
451 0 0 18 7 12
330 0 1 17 22 28
330 2 0 17 24 14
330 2 1 17 35 2
330 3 0 17 37 32
330 3 1 17 52 21
330 2 0 17 54 40
330 2 1 18 7 28
330 0 0 18 8 32
473 0 1 17 24 57
473 1 0 17 25 59
473 1 1 18 3 27
473 0 0 18 6 13
283 0 1 17 30 20
283 1 0 17 32 4
283 1 1 18 9 45
283 3 0 18 11 2
283 3 1 18 26 9
283 0 0 18 28 27
314 0 1 17 33 44
314 4 0 17 34 44
314 4 1 17 35 33
314 0 0 17 39 35
477 0 1 17 35 8
477 1 0 17 37 51
477 1 1 18 11 35
477 0 0 18 15 6
131 0 1 17 39 47
131 4 0 17 42 33
131 4 1 17 42 59
131 2 0 17 45 53
131 2 1 17 59 47
131 3 0 18 2 22
131 3 1 18 21 59
131 0 0 18 23 29
110 0 1 17 40 22
110 2 0 17 41 41
110 2 1 17 54 2
110 0 0 17 57 3
188 0 1 17 40 31
188 1 0 17 41 43
188 1 1 18 6 5
188 2 0 18 7 22
188 2 1 18 20 8
188 3 0 18 21 59
188 3 1 18 32 4
188 0 0 18 33 11
428 0 1 17 42 33
428 1 0 17 44 6
428 1 1 18 38 11
428 2 0 18 40 21
428 2 1 18 51 8
428 3 0 18 54 4
428 3 1 19 10 18
428 0 0 19 11 48
484 0 1 17 42 47
484 2 0 17 44 9
484 2 1 17 55 12
484 3 0 17 57 35
484 3 1 18 9 2
484 2 0 18 11 39
484 2 1 18 23 29
484 0 0 18 25 1
186 0 1 17 44 18
186 1 0 17 46 55
186 1 1 18 43 46
186 3 0 18 46 43
186 3 1 19 3 34
186 2 0 19 5 42
186 2 1 19 19 26
186 0 0 19 20 52
224 0 1 17 48 48
224 2 0 17 50 37
224 2 1 18 1 22
224 3 0 18 3 23
224 3 1 18 15 10
224 2 0 18 16 37
224 2 1 18 29 33
224 0 0 18 31 11
101 0 1 17 58 6
101 3 0 17 59 45
101 3 1 18 10 19
101 2 0 18 12 50
101 2 1 18 27 0
101 3 0 18 28 28
101 3 1 18 40 34
101 0 0 18 41 39
365 0 1 18 1 11
365 1 0 18 2 19
365 1 1 18 26 48
365 0 0 18 29 0
361 0 1 18 35 37
361 3 0 18 37 33
361 3 1 18 48 53
361 1 0 18 49 54
361 1 1 19 40 43
361 3 0 19 42 43
361 3 1 19 54 44
361 0 0 19 56 22
